"TIMESTAMP_START","TIMESTAMP_END","CO2","CO2_SIGMA","H2O","H2O_SIGMA","FC","FC_SSITC_TEST","LE","LE_SSITC_TEST","ET","ET_SSITC_TEST","H","H_SSITC_TEST","FETCH_MAX","FETCH_90","FETCH_55","FETCH_40","WD","WS","WS_MAX","USTAR","ZL","TAU","TAU_SSITC_TEST","MO_LENGTH","U","U_SIGMA","V","V_SIGMA","W","W_SIGMA","PA","TA_1_1_1","RH_1_1_1","T_DP_1_1_1","TA_2_1_1","RH_2_1_1","T_DP_2_1_1","VPD","T_SONIC","T_SONIC_SIGMA","PBLH"
205310012144,202401261400,320.7696,5.241854,1.895043,0.1480159,2.248945,8,2.965756,7,0.004313493,7,-9.326118,7,77.0131,3824.595,384.8058,225.0449,195.5956,3.166997,5.05146,0.1127169,0.1971028,0.01565843,1,13.69844,3.152606,0.4504961,0,0.317413,1.490116e-08,0.1590204,100.5475,1.593884,26.67839,-15.5691,10.91259,14.49861,-15.16539,11.20622,11.0836,0.3966474,123.5853
202401261400,202401261430,305.6845,3.239112,2.008984,0.1770758,1.060696,5,-2.404595,7,-0.003500222,7,-37.013,5,56.36315,163.5646,81.60467,61.61249,158.3601,4.74715,7.692146,0.2147714,0.1156894,0.05666345,3,23.33835,4.616965,0.9580882,0,0.974614,7.450581e-09,0.2137535,100.5292,2.327928,26.79259,-14.882,11.77962,14.4987,-14.47128,11.87477,11.96152,0.6606116,134.0634
202401261430,202401261500,292.4986,3.661394,1.994626,0.0659633,0.5918779,3,0.1731316,4,0.0002519494,4,-33.78344,3,53.9314,156.4507,78.06457,58.94164,151.8272,5.004476,8.574366,0.2126177,0.1084105,0.0555767,3,24.90535,4.972021,0.6660265,0,0.5743792,-7.450581e-09,0.2236033,100.5092,2.093968,27.10859,-14.93017,11.49859,14.69062,-14.52127,11.62867,11.67903,0.4722665,135.7667
202401261500,202401261530,281.7406,2.894302,1.784117,0.09630382,-0.03259823,7,-1.107771,7,-0.001611923,7,-44.43674,7,50.39237,146.3464,72.9581,55.0844,137.6729,5.418684,9.935993,0.228651,0.1148853,0.06429414,4,23.50171,5.249067,0.6523425,0,1.367688,1.490116e-08,0.2617568,100.4951,1.994333,24.41162,-16.2864,11.39658,13.22853,-15.88223,11.7587,11.55775,0.7982168,134.241
202401261530,202401261600,271.8979,3.206491,1.468745,0.1101874,1.035957,3,0.5483791,7,0.0007970935,7,-34.43972,3,54.26771,157.6718,78.59763,59.33936,139.3965,4.743276,7.099821,0.202925,0.1270916,0.05084792,3,21.24451,4.698622,0.5497101,0,0.647871,0,0.2117578,100.4973,0.8914668,21.75743,-18.60829,10.27306,11.73693,-18.21149,11.08943,10.40501,0.4998079,131.7875
202401261600,202401261630,264.4917,1.79459,1.34503,0.08864945,0.5416235,7,-2.435579,7,-0.003539758,7,-40.77338,7,50.3288,146.5237,72.93151,55.05757,162.3394,4.5804,8.709318,0.2039112,0.14897,0.05136698,5,18.12446,4.464701,1.142573,0,1.041911,7.450581e-09,0.2338037,100.4894,0.7711342,20.08419,-19.63308,10.13564,10.84095,-19.24036,11.11157,10.25672,0.882983,128.3962
202401261630,202401261700,256.9426,2.09791,1.070793,0.07773971,0.225716,7,-2.730241,7,-0.003965062,7,-39.20408,7,56.20905,2605.974,273.0414,161.065,148.6837,4.226352,7.420757,0.1885151,0.1814184,0.0440247,3,14.88272,4.131224,0.9620355,0,0.9108508,7.450581e-09,0.2164781,100.4812,-0.0245415,16.94575,-22.26641,9.358142,9.097097,-21.88087,10.74887,9.454677,0.7722406,124.8725
202401261700,202401261730,256.4643,1.566974,1.298447,0.09003934,1.525342,7,3.179,7,0.004624351,7,-52.98689,7,51.53729,149.1763,74.5302,56.28016,157.003,5.691404,10.67658,0.265894,0.08673475,0.08702518,3,31.12939,5.581702,1.28894,0,1.09822,7.450581e-09,0.295963,100.4551,1.647478,18.20143,-20.05125,11.07307,9.838826,-19.65875,11.96874,11.19045,1.020829,142.532
202401261730,202401261800,257.0044,0.765148,1.2781,0.0595437,0.9410038,3,4.511802,3,0.006562536,3,-64.18121,3,52.10624,150.8483,75.35972,56.90586,150.3256,6.40937,10.40213,0.2814454,0.08852046,0.09755177,1,30.50142,6.279579,1.091043,0,1.313869,7.450581e-09,0.3090032,100.4726,1.578112,18.03154,-20.21705,10.98013,9.757141,-19.82598,11.89552,11.09537,0.7609704,141.8494
202401261800,202401261830,254.1941,1.353767,1.097805,0.06803178,1.197143,3,2.350985,3,0.003415797,3,-75.33372,3,51.50657,148.7385,74.42212,56.2051,160.0443,6.367084,11.56759,0.3182245,0.07206122,0.1252176,3,37.46814,6.145972,1.474547,0,1.648266,-1.490116e-08,0.3544756,100.4615,0.4747739,16.75892,-21.97559,9.823987,9.04359,-21.59115,11.09516,9.922917,0.693604,149.4219
202401261830,202401261900,251.9306,1.161141,0.966953,0.06424442,0.3319347,3,3.036491,3,0.004410359,3,-67.99014,3,52.93213,151.9119,76.31479,57.65176,153.5022,7.407911,12.63766,0.3534178,0.04744649,0.1546306,1,56.90621,7.22615,1.208008,0,1.608048,1.490116e-08,0.3804697,100.4565,0.1204515,15.15075,-23.41884,9.485414,8.153085,-23.0382,10.95369,9.57252,0.7341554,170.5502
202401261900,202401261930,250.3958,1.05346,0.8929354,0.08231814,1.014928,3,5.305708,3,0.0077066,3,-69.84949,3,54.03909,154.8707,77.87433,58.83367,145.413,7.762564,12.24692,0.3663594,0.04368628,0.166119,1,61.8043,7.677753,1.007051,0,1.147898,1.490116e-08,0.384329,100.4424,0.1133477,13.99113,-24.33939,9.528099,7.509623,-23.95993,11.06391,9.608482,0.7792242,175.8742
202401261930,202401262000,249.7694,1.330294,0.7792905,0.07214842,1.264026,3,9.68949,3,0.01407531,3,-97.1057,3,55.71369,160.0725,80.3666,60.70837,157.7297,7.400043,12.77885,0.3854024,0.05209172,0.183809,3,51.83165,7.252906,1.469904,0,1.413543,1.490116e-08,0.3891732,100.4545,0.2515976,12.11963,-25.8468,9.619021,6.541321,-25.47459,11.26041,9.689065,0.9952022,165.0344
202401262000,202401262030,249.283,0.8457694,0.6387374,0.08011646,1.258457,3,10.1022,3,0.01467167,3,-79.62668,3,52.9816,152.8327,76.52858,57.79851,153.5614,6.616704,12.63212,0.330773,0.06743857,0.1355626,1,40.03644,6.512436,1.24271,0,1.18575,7.450581e-09,0.355676,100.4947,0.05072846,10.08633,-28.05195,9.393346,5.448601,-27.68783,11.21345,9.450025,0.8435256,152.2135
202401262030,202401262100,246.7142,1.163486,0.4957662,0.07135718,0.3398493,5,5.747172,5,0.00833961,5,-57.8431,5,54.76856,157.5783,79.0409,59.70305,155.5455,5.894939,11.66419,0.3148264,0.05691605,0.1232017,5,47.43829,5.779113,1.662372,0,1.179681,7.450581e-09,0.324779,100.4918,-0.7961097,8.316882,-30.77436,8.49487,4.486434,-30.42005,10.65851,8.539006,0.8271894,160.259
202401262100,202401262130,243.2755,0.7628542,0.4015024,0.03831596,0.7786397,3,4.429211,3,0.006426871,3,-58.70166,3,52.50157,152.0081,75.93573,57.34037,154.2332,5.18962,8.239658,0.2720166,0.08967422,0.0919964,1,30.10899,5.146289,0.9234879,0,0.6804916,-7.450581e-09,0.2958428,100.4973,-0.8900574,6.783075,-32.92596,8.450614,3.640748,-32.57665,10.71365,8.486043,0.6467084,141.4228
202401262130,202401262200,239.7894,0.9547985,0.3522997,0.03563075,1.048735,3,4.901132,3,0.007108977,3,-59.08734,3,55.6833,160.3586,80.39133,60.71999,140.7441,5.804003,10.27088,0.3096429,0.06117241,0.1193716,3,44.13755,5.677308,1.369122,0,1.164753,2.235174e-08,0.3128858,100.4935,-1.283208,6.128201,-34.27537,8.057902,3.284676,-33.92997,10.47344,8.088486,0.7385347,156.6713
202401262200,202401262230,236.3648,0.8988782,0.338354,0.04374333,1.400133,3,2.978252,3,0.004318182,3,-53.10837,3,54.67078,157.7756,78.98722,59.65348,156.6829,5.624221,10.13741,0.2848014,0.07077613,0.101131,3,38.14846,5.483589,1.200845,0,1.250449,7.450581e-09,0.2944617,100.4889,-1.67938,6.047578,-34.7143,7.64388,3.235452,-34.37042,10.18283,7.673794,0.619603,150.1614
202401262230,202401262300,236.6089,0.7771231,0.5044819,0.06102489,0.945621,7,3.208825,7,0.004656725,7,-54.4343,7,54.39802,156.2349,78.45413,59.26522,140.8381,6.931481,13.44069,0.3216825,0.05034859,0.1285255,3,53.62613,6.811414,1.227249,0,1.326514,0,0.3346798,100.4506,-0.7819142,8.45465,-30.57395,8.598951,4.536154,-30.21564,10.73016,8.643731,0.8634399,166.9849
202401262300,202401262330,238.7635,1.116692,0.5239937,0.06717226,0.339725,2,9.873164,1,0.01434589,1,-88.72531,1,54.91905,158.0036,79.25718,59.86652,124.378,8.073114,15.8753,0.3633385,0.05679515,0.1631591,3,47.53927,7.970582,1.358277,0,1.308504,1.490116e-08,0.3735412,100.4158,0.4613928,8.0174,-30.18547,9.893524,4.316698,-29.82558,11.72768,9.941283,0.675852,160.3688
202401262330,202401270000,240.2082,0.8507241,0.5057068,0.0830641,1.181761,5,10.57067,5,0.01535039,5,-75.78546,5,50.9038,147.2876,73.60169,55.58029,152.7457,7.159581,12.90318,0.3030108,0.08350838,0.1137158,3,32.33208,6.96825,1.441771,0,1.654995,1.490116e-08,0.3425321,100.4086,-0.05282422,8.043378,-30.61399,9.280801,4.363954,-30.25875,11.26683,9.326611,1.046009,143.8392
202401270000,202401270030,239.6225,1.195982,0.432679,0.09078697,0.6714427,7,6.72027,7,0.009747843,7,-58.31241,7,51.9258,148.5617,74.7765,56.4987,160.7971,7.987146,13.10826,0.3589712,0.03871094,0.1602496,1,69.74773,7.839657,1.226463,0,1.52801,-1.490116e-08,0.3958326,100.3899,-1.237491,7.517551,-32.34739,8.084683,4.046445,-31.99663,10.42053,8.123761,0.9371138,184.5084
202401270030,202401270100,238.8417,0.9856706,0.3289343,0.06671396,1.296692,5,4.730001,5,0.006858906,5,-61.90888,5,51.93023,150.1066,75.0622,56.68563,151.4754,7.006381,11.98212,0.2902058,0.07795796,0.104863,3,34.63405,6.897384,1.249819,0,1.24914,1.490116e-08,0.3199718,100.3986,-1.570606,5.825,-35.12933,7.775143,3.122228,-34.78625,10.29565,7.80454,0.8710198,146.3414
202401270100,202401270130,236.2086,1.065959,0.2946499,0.04541194,1.091488,3,2.341401,3,0.003394014,3,-60.204,3,52.06366,150.5553,75.26706,56.8391,151.2716,6.694134,10.56138,0.2844175,0.08069745,0.1008766,1,33.45831,6.597293,0.9967568,0,1.137301,1.490116e-08,0.3125855,100.4172,-1.960972,5.370672,-36.15718,7.398482,2.861681,-35.81629,10.05696,7.424584,0.7797847,145.0634
202401270130,202401270200,235.347,0.7824939,0.3371656,0.04634374,0.8516518,3,2.386551,3,0.003459456,3,-59.3522,3,52.98177,152.3295,76.43677,57.73868,156.2755,7.095062,11.19372,0.3246526,0.05348443,0.1314388,1,50.48198,7.009606,1.039953,0,1.111272,1.490116e-08,0.3490935,100.4201,-1.874457,6.106336,-34.76902,7.396789,3.27205,-34.42692,10.01105,7.427254,0.725377,163.5674
202401270200,202401270230,233.9692,0.8315522,0.3411954,0.03299917,0.8533544,3,1.22241,3,0.00177196,3,-55.5362,3,55.97225,161.3398,80.83677,61.05348,143.3613,6.219499,10.53124,0.2968626,0.06552306,0.1099048,3,41.20686,6.141172,1.242535,0,0.9893482,2.980232e-08,0.2980371,100.4247,-1.959031,6.223872,-34.60586,7.395975,3.314503,-34.26006,10.00444,7.427298,0.6591068,153.4857
202401270230,202401270300,230.6381,1.216128,0.2865988,0.05477956,1.279845,5,1.256721,5,0.001820712,5,-35.24564,5,51.3109,148.3388,74.16878,56.01076,157.8199,5.350839,9.135246,0.2402858,0.07836247,0.07214704,4,34.45527,5.160345,0.8744519,0,1.409492,1.490116e-08,0.2689348,100.4176,-2.535414,5.435575,-36.49596,6.829108,2.88161,-36.15516,9.663974,6.85517,0.6144058,146.147
202401270300,202401270330,231.8822,0.5780974,0.5684405,0.05753168,0.7944306,3,2.448864,3,0.003551159,3,-34.537,3,52.79339,151.7022,76.14874,57.5228,137.6636,6.158416,9.673208,0.274469,0.05143092,0.0937569,1,52.4976,6.098921,0.8769266,0,0.8753798,0,0.2964489,100.3739,-1.517956,10.04132,-29.28985,7.803402,5.368534,-28.9284,10.06224,7.854579,0.3954352,165.7583
202401270330,202401270400,230.9774,0.3217622,0.5807089,0.0278852,0.6795347,1,2.256515,1,0.003271385,1,-31.10359,1,53.94474,154.9841,77.80837,58.77659,147.595,5.696944,9.012445,0.2653018,0.05129958,0.08765322,1,52.63201,5.64047,0.8397124,0,0.7743545,1.490116e-08,0.2789232,100.3402,-1.813645,10.47463,-29.02591,7.532538,5.582081,-28.66225,9.853934,7.584554,0.3021247,165.9044
202401270400,202401270430,232.8789,0.8965344,0.6860656,0.05228686,0.6161026,5,3.000567,5,0.004352726,5,-32.64373,5,55.0324,157.9153,79.34511,59.94079,143.5939,5.988584,9.298787,0.2761776,0.04769125,0.09472337,3,56.61416,5.867494,0.9673747,0,1.20342,7.450581e-09,0.2832019,100.2936,-1.17412,11.79615,-27.24701,8.172501,6.311294,-26.87826,10.21771,8.234318,0.5167268,170.2328
202401270430,202401270500,234.1479,0.6383551,0.7163218,0.03523587,0.6446152,3,2.797984,3,0.004059038,3,-32.24865,3,53.37583,153.8739,77.08186,58.21806,141.0613,5.158574,9.612495,0.2485442,0.06467888,0.07667877,3,41.74469,5.052651,0.9943939,0,1.050739,7.450581e-09,0.2647913,100.2628,-1.130846,12.28084,-26.76188,8.220367,6.568732,-26.39137,10.22112,8.284309,0.4167377,154.0703
202401270500,202401270530,233.8987,0.3102328,0.6474937,0.02692352,0.4904494,1,3.039456,1,0.004408317,1,-28.77763,1,53.10883,153.4448,76.75757,57.96678,118.1817,4.698504,8.57794,0.2265239,0.07618978,0.06372381,1,35.43782,4.67141,0.7975287,0,0.5271327,0,0.2428491,100.221,-1.350665,11.27839,-27.86214,7.97667,6.033948,-27.49595,10.10882,8.03464,0.3119695,147.215
202401270530,202401270600,233.095,0.8222287,0.5830354,0.04283026,0.3905229,5,3.825013,5,0.005546268,5,-25.0506,5,51.4905,147.9102,74.25648,56.09473,138.2906,5.401916,9.949831,0.2489913,0.04981954,0.07704322,2,54.19561,5.293141,0.8575255,0,1.094589,0,0.2774636,100.1918,-1.628133,10.35538,-29.01373,7.712857,5.529042,-28.6505,9.984663,7.765253,0.4764298,167.6039
202401270600,202401270630,234.0932,0.5052732,0.6826152,0.04771638,0.8183062,1,6.529237,1,0.009472762,1,-47.02836,1,52.69285,150.6698,75.86762,57.3245,119.2787,7.317371,11.21612,0.3376357,0.03755652,0.1412898,1,71.89166,7.282026,1.075524,0,0.748659,0,0.365544,100.1421,-1.049073,11.61984,-27.31369,8.308132,6.215456,-26.94491,10.31946,8.368852,0.3204529,186.8388
202401270630,202401270700,233.34,0.5340651,0.5418714,0.05829036,0.9518632,1,5.535157,1,0.00802804,1,-58.91639,1,53.1454,152.1517,76.5549,57.84012,117.7353,7.53925,12.06862,0.3548065,0.04067167,0.1561483,1,66.38527,7.501679,1.012248,0,0.7844925,1.490116e-08,0.3800496,100.0993,-1.372236,9.436635,-29.83491,7.982747,5.040703,-29.47421,10.22063,8.03159,0.3758298,180.8535
202401270700,202401270730,232.4781,0.3918748,0.4785418,0.04675347,0.9646004,1,7.30731,1,0.01059819,1,-51.88588,1,52.16146,149.291,75.12663,56.76214,115.9465,7.860162,12.79672,0.3426634,0.03967124,0.1455954,1,68.05938,7.826865,1.110713,0,0.7627308,1.490116e-08,0.3757176,100.0594,-1.391521,8.349272,-31.14512,7.969326,4.459659,-30.78853,10.27448,8.01217,0.3809848,182.6732
202401270730,202401270800,232.4777,0.6457782,0.60345,0.07675156,0.7241564,1,4.86737,2,0.007059901,2,-39.84882,1,53.30224,152.6624,76.79256,58.01844,120.6403,6.872522,12.20178,0.3086035,0.04176048,0.1180326,2,64.65444,6.834088,1.124368,0,0.7502038,1.490116e-08,0.3293441,100.0413,-1.301869,10.45316,-28.70383,8.042334,5.590221,-28.33986,10.20205,8.096946,0.3053453,178.9722
202401270800,202401270830,232.718,1.014616,0.6797468,0.06209841,0.4683437,1,8.882977,1,0.01288751,1,-41.33552,1,53.00226,151.2461,76.2577,57.625,121.406,7.271814,11.17416,0.3365179,0.03323669,0.1401713,1,81.23553,7.226222,1.070679,0,0.8382024,0,0.3616771,100.007,-1.078074,11.57622,-27.3937,8.298952,6.184177,-27.02408,10.31621,8.359331,0.3088295,196.9951
202401270830,202401270900,233.7273,0.5033314,0.6718837,0.05327225,0.4829383,1,9.473115,1,0.01374479,1,-38.0135,1,51.8917,147.9774,74.63858,56.4037,120.0541,7.381222,11.64889,0.3323174,0.03169078,0.1365863,1,85.19827,7.346303,1.003848,0,0.7443737,1.490116e-08,0.3667427,99.95796,-0.9868689,11.36337,-27.51351,8.382974,6.076322,-27.145,10.38669,8.442734,0.2658449,201.3025
202401270900,202401270930,233.9131,0.7857269,0.6431869,0.05973488,0.4771336,1,10.17345,1,0.01476056,1,-40.64344,1,50.09847,143.1842,72.11234,54.48913,119.2645,7.575395,11.60373,0.3261757,0.0358471,0.1315418,1,75.3199,7.533854,1.114617,0,0.8230114,1.490116e-08,0.376142,99.91549,-0.9989967,10.88699,-27.9991,8.357574,5.826988,-27.63273,10.3971,8.414335,0.3065937,190.5651
202401270930,202401271000,233.1161,0.8891982,0.6467886,0.05324854,0.2995109,1,6.540742,1,0.009487621,1,-31.42329,1,51.72372,148.1115,74.50818,56.29363,135.817,6.94425,11.00878,0.287032,0.04079098,0.1019079,1,66.1911,6.872682,0.993216,0,1.01104,2.980232e-08,0.3180526,99.86892,-1.241728,11.1384,-27.93247,8.105173,5.956499,-27.56592,10.20604,8.162715,0.302727,180.6425
202401271000,202401271030,230.9877,2.268289,0.5605934,0.2762039,0.5260933,5,3.601356,5,0.005220788,5,-29.98749,5,54.37798,155.5926,78.31801,59.17348,158.5993,5.840909,10.27794,0.285991,0.03958235,0.1013435,1,68.21222,5.682525,0.9559988,0,1.342605,7.450581e-09,0.2976832,99.81281,-1.857237,10.01058,-29.74144,7.476103,5.347542,-29.38066,9.849696,7.523688,0.5261558,182.8394
202401271030,202401271100,226.1504,1.918947,0.1457742,0.1351575,"NAN",6,"NAN",8,"NAN",8,"NAN",1,46.44545,132.7231,66.83934,50.50632,180.7496,5.93203,10.0371,0.2635033,0.03453852,"NAN",1,78.17359,5.879033,1.027461,0,0.8008079,1.490116e-08,0.3340319,99.73915,-2.709488,2.773038,-45.98957,6.576687,1.482869,-45.65839,"NAN",6.680445,0.195439,193.6669
202401271100,202401271130,230.0858,3.126783,0.3807581,0.2055458,2.475625,8,8.554764,8,0.01240412,8,-27.54258,8,50.37915,142.9333,72.326,54.67051,140.5327,7.213369,12.19868,0.3313636,0.02315255,0.1357342,4,116.6179,6.40086,1.557974,0,3.24625,1.490116e-08,0.3794654,99.6485,-1.743268,6.593442,-35.31476,7.688646,3.50464,-34.96848,10.18473,7.725195,0.8656473,235.4542
202401271130,202401271200,233.2176,3.551605,0.6312327,0.1267985,0.9755253,1,5.059791,4,0.007340761,4,-43.57688,1,49.14412,140.0219,70.65701,53.39793,122.3731,8.375099,13.68244,0.3573541,0.02956416,0.1573604,6,91.32678,8.300834,1.246549,0,1.162211,1.490116e-08,0.422124,99.55676,-1.099543,10.71105,-28.29581,8.294299,5.718646,-27.92901,10.36395,8.350666,0.3116398,207.9639
202401271200,202401271230,233.3677,3.978016,0.6047958,0.2603858,1.629034,1,5.310258,1,0.007702676,1,-40.40657,1,51.28196,145.379,73.60334,55.63804,119.166,8.902803,13.8958,0.3834119,0.02218765,0.1811802,4,121.6893,8.824073,1.36182,0,1.210605,1.490116e-08,0.4294284,99.50382,-1.284387,10.37312,-28.7767,8.094894,5.534191,-28.41167,10.24347,8.148991,0.367308,240.9666
202401271230,202401271300,232.3734,1.268291,0.4990331,0.08991178,0.3608262,1,9.763314,1,0.01415805,1,-41.51525,1,50.51153,143.4859,72.54857,54.83526,115.381,8.564266,12.46308,0.371376,0.02494365,0.1701089,1,108.244,8.510565,1.213068,0,0.9879979,2.980232e-08,0.4238934,99.47041,-1.567424,8.763212,-30.85722,7.805017,4.672508,-30.49904,10.16188,7.84751,0.2668149,226.3522
202401271300,202401271330,231.1733,2.859802,0.3595588,0.07471792,1.788738,4,11.88543,1,0.0172282,1,-28.69539,2,73.45961,206.6599,105.1907,79.54157,118.6658,8.430004,14.09475,0.4136635,0.01234794,0.2113584,2,218.66,8.381722,1.249568,0,0.9709023,2.980232e-08,0.4249549,99.45375,-1.976865,6.506756,-34.30514,7.367911,3.469467,-33.95878,9.961967,7.400733,0.2971725,306.0494
202401271330,202401271400,229.1469,1.900055,0.2279436,0.1109502,"NAN",4,"NAN",4,"NAN",4,"NAN",1,74.15557,209.6031,106.3744,80.41654,114.309,9.397771,15.73101,0.4095748,0.01984456,"NAN",4,136.0574,9.320134,1.495975,0,1.231476,0,0.4660865,99.41487,-2.4281,4.252639,-40.08994,6.92576,2.263405,-39.75317,"NAN",6.965107,0.2631077,253.8294
202401271400,202401271430,226.8169,2.884341,0.06014932,0.06242242,"NAN",4,"NAN",6,"NAN",6,"NAN",4,78.2603,219.7355,111.9906,84.69136,120.2446,9.485839,15.07445,0.4246009,0.01040306,"NAN",7,259.5389,9.382376,1.318642,0,1.429934,2.980232e-08,0.4517176,99.37538,-3.130684,1.162185,-54.37653,5.860722,0.6392538,-53.96812,"NAN",6.216176,0.3968958,331.8924
202401271430,202401271500,222.0648,1.665983,0.08885611,0.1792774,1.45679,2,-14.97074,4,-0.02165654,4,-32.84313,1,77.82442,219.5848,111.5696,84.35126,128.752,8.842691,14.97818,0.3975101,0.01676174,0.1964493,1,161.0812,8.791563,1.171061,0,0.9817998,1.490116e-08,0.4141088,99.32541,-4.004072,1.85824,-55.99874,5.239271,0.9958085,-55.71719,9.114898,5.323698,0.3301936,269.649
